1738405117177 1.078043703194503 0
1738405123178 1.0347123385598558 1
1738405129570 0.9948179314798987 2
1738405135586 0.9578501346347096 3
1738405142234 0.9235004944554304 4
1738405148978 0.8919261135336368 5
1738405155986 0.8624115752836973 6
1738405162370 0.8357083319307683 7
1738405169603 0.8111714895703542 8
1738405175788 0.788839473548452 9
1738405183556 0.7687794701832242 10
1738405189450 0.7507330781810886 11
1738405195713 0.7348832827722259 12
1738405202086 0.7208901241398307 13
1738405208244 0.7086863223948696 14
1738405214505 0.6978493682817911 15
1738405220314 0.6882933505475989 16
1738405226621 0.6802052712328206 17
1738405232567 0.6731899927137786 18
1738405238160 0.6668621329722262 19
1738405244335 0.6614218587216627 20
1738405250022 0.656475443293573 21
1738405255850 0.6521184657769076 22
1738405262590 0.6483039018497736 23
1738405267869 0.6452484085009649 24
1738405274326 0.6420512726205859 25
1738405280629 0.6393520542927776 26
1738405287053 0.637007611887047 27
1738405293268 0.6348273645577662 28
1738405299749 0.632283980281237 29
1738405306019 0.6305102151080241 30
1738405312675 0.6286225316101566 31
1738405318935 0.6270305581706659 32
1738405325413 0.6256956019244351 33
1738405331760 0.6239559378129909 34
1738405338150 0.6224458858581315 35
1738405344378 0.6210756609728049 36
1738405350470 0.6199181890188245 37
1738405356900 0.6186429407196105 38
1738405363011 0.6175864697251252 39
1738405369389 0.6159977445048478 40
1738405375562 0.6150895986863919 41
1738405381935 0.6140840685161728 42
1738405388110 0.6129247681873746 43
1738405394509 0.6123347652014608 44
1738405400691 0.611006571509213 45
1738405407133 0.6103803655790572 46
1738405413243 0.6091824413468737 47
1738405419658 0.6087151967936445 48
1738405425748 0.6076166607334251 49
1738405432170 0.607102667985943 50
1738405438318 0.6062305953289313 51
1738405444670 0.6052479367802619 52
1738405450855 0.6048810505417864 53
1738405457212 0.6040157498894158 54
1738405463400 0.6033122459049315 55
1738405469786 0.6027566266583873 56
1738405475987 0.6019666236086955 57
1738405482389 0.6014020495362334 58
1738405488502 0.600951095858773 59
1738405494674 0.6001421472341337 60
1738405501041 0.5996230701262386 61
1738405507203 0.5993037515757035 62
1738405513601 0.5985139105907602 63
1738405519694 0.5982189905512464 64
1738405526083 0.5976603457841618 65
1738405532203 0.5970982018407884 66
1738405538641 0.5967590503827369 67
1738405544748 0.5962610573184733 68
1738405551190 0.5956353035227657 69
1738405557342 0.5951471973438652 70
1738405563724 0.5948222455461882 71
1738405569948 0.5942342057707172 72
1738405576335 0.5937534527651369 73
1738405582536 0.5934740436881828 74
1738405589221 0.5932855683742925 75
1738405595100 0.5927363521824452 76
1738405601585 0.5924002873467127 77
1738405607318 0.5919207385982411 78
1738405613538 0.5919567723663486 79
1738405619502 0.5912951463058568 80
1738405625766 0.5909366011619568 81
1738405631978 0.5906925011467148 82
1738405638262 0.5902842831574205 83
1738405644535 0.5898262924826126 84
1738405650652 0.5895305052282672 85
1738405657253 0.5894896826901279 86
1738405663368 0.5891660952961052 87
1738405669778 0.588518155238692 88
1738405675826 0.5884390706357252 89
1738405682046 0.588500469127667 90
1738405688154 0.5880441253001873 91
1738405694361 0.587620404676141 92
1738405700180 0.5873460822053008 93
1738405706270 0.5870495557410751 94
1738405712533 0.5867901932875066 95
1738405718836 0.586676178491284 96
1738405724907 0.5860952932381742 97
1738405731106 0.5860983516020902 98
1738405737064 0.5858597409219907 99
