1738402035564 1.092305064201355 0
1738402040374 1.0338547229766846 1
1738402045574 0.9900821447372437 2
1738402050594 0.9426397085189819 3
1738402055853 0.9035401940345764 4
1738402060867 0.8497633337974548 5
1738402066143 0.8483757376670837 6
1738402070975 0.7996090054512024 7
1738402076570 0.7879202365875244 8
1738402081948 0.7510843276977539 9
1738402087596 0.7561470866203308 10
1738402093017 0.7176641225814819 11
1738402098727 0.7363666892051697 12
1738402104101 0.6994104981422424 13
1738402109785 0.6546292901039124 14
1738402115252 0.6853821873664856 15
1738402120969 0.6951941847801208 16
1738402126406 0.6684849262237549 17
1738402132262 0.6678870916366577 18
1738402137689 0.6889020800590515 19
1738402143479 0.6274698972702026 20
1738402148934 0.6746916770935059 21
1738402154347 0.5936770439147949 22
1738402159540 0.622477114200592 23
1738402164529 0.6247774958610535 24
1738402169779 0.6177107095718384 25
1738402174780 0.661424458026886 26
1738402180019 0.6308925151824951 27
1738402185082 0.5703977346420288 28
1738402190308 0.6258186101913452 29
1738402195331 0.6212567687034607 30
1738402200595 0.6507271528244019 31
1738402205656 0.6157210469245911 32
1738402210889 0.6165324449539185 33
1738402215940 0.5683284401893616 34
1738402221187 0.6042818427085876 35
1738402226198 0.6447328925132751 36
1738402231467 0.5954727530479431 37
1738402236468 0.5992156267166138 38
1738402241717 0.6220335364341736 39
1738402246789 0.5948043465614319 40
1738402252015 0.5697652101516724 41
1738402257009 0.6364633440971375 42
1738402262294 0.6072470545768738 43
1738402267293 0.5771530866622925 44
1738402272553 0.5966651439666748 45
1738402277627 0.6173442602157593 46
1738402282863 0.5491487383842468 47
1738402287858 0.5815466046333313 48
1738402293180 0.6462242603302002 49
1738402298115 0.5571805834770203 50
1738402303184 0.5753061771392822 51
1738402308475 0.6631445288658142 52
1738402313539 0.6300290822982788 53
1738402318586 0.6111730933189392 54
1738402323593 0.6364313364028931 55
1738402328833 0.5873358845710754 56
1738402333818 0.6152478456497192 57
1738402339056 0.6009177565574646 58
1738402344010 0.6305995583534241 59
1738402349247 0.5468299388885498 60
1738402354245 0.57935631275177 61
1738402359495 0.6173107028007507 62
1738402364452 0.5826885104179382 63
1738402369710 0.6359732151031494 64
1738402374700 0.5588436722755432 65
1738402379906 0.5563920140266418 66
1738402384880 0.597848117351532 67
1738402390153 0.6154877543449402 68
1738402395139 0.6066420674324036 69
1738402400368 0.5865408778190613 70
1738402405359 0.5985360741615295 71
1738402410593 0.5955703854560852 72
1738402415598 0.5571478605270386 73
1738402420869 0.5796232223510742 74
1738402425884 0.5916778445243835 75
1738402431200 0.5690270662307739 76
1738402436243 0.5833970308303833 77
1738402441562 0.6085838079452515 78
1738402446949 0.6090861558914185 79
1738402451684 0.6091009378433228 80
1738402456934 0.5896347761154175 81
1738402461927 0.5777066349983215 82
1738402467204 0.5355486869812012 83
1738402472228 0.6095600128173828 84
1738402477497 0.6068950891494751 85
1738402482514 0.5839406251907349 86
1738402487767 0.6152428388595581 87
1738402492773 0.5962492227554321 88
1738402498055 0.5555365681648254 89
1738402503093 0.5649570226669312 90
1738402508350 0.5610776543617249 91
1738402513390 0.5784881114959717 92
1738402518629 0.6077592968940735 93
1738402523630 0.6100110411643982 94
1738402528856 0.5429206490516663 95
1738402533853 0.6148483157157898 96
1738402539070 0.6111469864845276 97
1738402544073 0.5606295466423035 98
1738402549268 0.565342366695404 99
